4294967293,131
4294967293,130
4294967293,129
4294967293,128
4294967293,127
4294967293,126
4294967293,125
4294967293,124
4294967293,123
4294967293,122
4294967293,121
4294967293,120
4294967293,119
4294967293,118
4294967293,117
4294967293,116
4294967293,115
4294967293,114
4294967293,113
4294967293,112
4294967293,111
4294967293,110
4294967293,109
4294967293,108
4294967293,107
4294967293,106
4294967293,105
4294967293,104
4294967293,103
4294967293,102
4294967293,101
4294967293,100
4294967293,99
4294967293,98
4294967293,97
4294967293,96
4294967293,95
4294967293,94
4294967293,93
4294967293,92
4294967293,91
4294967293,90
4294967293,89
4294967293,87
4294967293,86
4294967293,85
4294967293,84
4294967293,83
4294967293,82
4294967293,81
4294967293,80
4294967293,79
4294967293,78
4294967293,77
4294967293,76
4294967293,75
4294967293,74
4294967293,73
4294967293,72
4294967293,71
4294967293,70
4294967293,69
4294967293,68
4294967293,67
4294967293,66
4294967293,65
4294967293,64
4294967293,63
4294967293,62
4294967293,61
4294967293,60
4294967293,59
4294967293,58
4294967293,57
4294967293,56
4294967293,55
4294967293,54
4294967293,53
4294967293,52
4294967293,51
4294967293,50
4294967293,49
4294967293,48
4294967293,47
4294967293,46
4294967293,45
4294967293,44
4294967293,43
4294967293,42
4294967293,41
4294967293,40
4294967293,39
4294967293,38
4294967293,37
4294967293,36
4294967293,35
4294967293,34
4294967293,33
4294967293,32
4294967293,31
4294967293,30
4294967293,29
4294967293,28
4294967293,27
4294967293,26
4294967293,25
4294967293,24
4294967293,23
4294967293,22
4294967293,21
4294967293,20
4294967293,19
4294967293,18
4294967293,17
4294967293,16
4294967293,15
4294967293,14
4294967293,13
4294967293,12
4294967293,11
4294967293,10
4294967293,9
4294967293,8
4294967293,7
4294967293,6
4294967293,5
4294967293,4
4294967293,3
4294967278,132
4294967278,131
4294967278,130
4294967278,129
4294967278,128
4294967278,126
4294967278,124
4294967278,123
4294967278,122
4294967278,121
4294967278,120
4294967278,444
4294967278,119
4294967278,118
4294967278,117
4294967278,115
4294967278,114
4294967278,368
4294967278,113
4294967278,112
4294967278,111
4294967278,110
4294967278,233
4294967278,108
4294967278,107
4294967278,106
4294967278,364
4294967278,105
4294967278,104
4294967278,223
4294967278,102
4294967278,221
4294967278,101
4294967278,441
4294967278,99
4294967278,98
4294967278,97
4294967278,96
4294967278,94
4294967278,93
4294967278,92
4294967278,91
4294967278,90
4294967278,89
4294967278,87
4294967278,85
4294967278,84
4294967278,83
4294967278,81
4294967278,80
4294967278,76
4294967278,75
4294967278,332
4294967278,74
4294967278,331
4294967278,73
4294967278,330
4294967278,72
4294967278,71
4294967278,70
4294967278,327
4294967278,69
4294967278,67
4294967278,66
4294967278,64
4294967278,63
4294967278,62
4294967278,61
4294967278,55
4294967278,54
4294967278,43
4294967278,41
4294967278,421
4294967278,298
4294967278,39
4294967278,38
4294967278,36
4294967278,35
4294967278,293
4294967278,34
4294967278,33
4294967278,31
4294967278,30
4294967278,380
4294967278,29
4294967278,359
4294967278,24
4294967278,281
4294967278,19
4294967278,13
4294967278,2
4294967278,350
4294967278,8
4294967278,0
4294967279,132
4294967279,131
4294967279,352
4294967279,127
4294967279,126
4294967279,122
4294967279,121
4294967279,115
4294967279,242
4294967279,114
4294967279,113
4294967279,108
4294967279,107
4294967279,349
4294967279,106
4294967279,384
4294967279,105
4294967279,104
4294967279,102
4294967279,100
4294967279,212
4294967279,97
4294967279,96
4294967279,342
4294967279,94
4294967279,361
4294967279,93
4294967279,325
4294967279,92
4294967279,383
4294967279,91
4294967279,382
4294967279,90
4294967279,89
4294967279,574
4294967279,82
4294967279,81
4294967279,567
4294967279,75
4294967279,566
4294967279,74
4294967279,73
4294967279,72
4294967279,71
4294967279,174
4294967279,70
4294967279,69
4294967279,68
4294967279,67
4294967279,66
4294967279,65
4294967279,64
4294967279,63
4294967279,62
4294967279,61
4294967279,60
4294967279,58
4294967279,57
4294967279,55
4294967279,49
4294967279,48
4294967279,40
4294967279,423
4294967279,356
4294967279,29
4294967279,20
4294967279,9
4294967279,0
4294967279,399
4294967294,5
4294967294,2266
4294967294,2260
4294967294,2259
4294967294,1929
4294967294,2179
4294967294,318
4294967294,317
4294967294,316
4294967294,315
4294967294,314
4294967294,312
4294967294,311
4294967294,310
4294967294,309
4294967294,308
4294967294,307
4294967294,306
4294967294,305
4294967294,304
4294967294,299
4294967294,313
4294967294,288
4294967294,828
4294967278,420
4294967278,379
4294967279,394
4294967279,353
4294967279,351
4294967279,389
4294967279,386
4294967279,241
4294967279,232
4294967279,385
4294967279,226
4294967279,222
4294967279,218
4294967279,210
4294967279,421
4294967294,186
4294967294,825
4294967294,827
4294967294,800
4294967294,826
4294967294,795
4294967294,1951
4294967294,2359
4294967294,2184
4294967294,975
4294967294,1926
4294967294,1971
4294967294,1949
4294967294,161
4294967294,1560
4294967294,2308
4294967294,2176
4294967294,1979
4294967294,2206
1,3
1,0
4294967294,2241
4294967294,1934
4294967294,1903
4294967294,1426
4294967294,1425
4294967294,1424
4294967294,1423
4294967294,872
4294967294,871
4294967294,870
4294967294,869
4294967294,868
4294967294,867
4294967294,865
4294967294,864
4294967294,863
4294967294,862
4294967294,861
4294967294,860
4294967294,859
4294967294,858
4294967294,857
4294967294,856
4294967294,855
4294967294,854
4294967294,853
4294967294,852
4294967294,851
4294967294,850
4294967294,849
4294967294,848
4294967294,847
4294967294,846
4294967294,845
4294967294,844
4294967294,843
4294967294,842
4294967294,841
4294967294,840
4294967294,839
4294967294,838
4294967294,837
4294967294,836
4294967294,835
4294967294,834
4294967294,833
4294967294,832
4294967294,767
4294967294,766
4294967294,765
4294967294,764
4294967294,763
4294967294,762
4294967294,770
4294967294,761
4294967294,760
4294967294,759
4294967294,758
4294967294,757
4294967294,756
4294967294,755
4294967294,754
4294967294,753
4294967294,752
4294967294,751
4294967294,750
4294967294,749
4294967294,748
4294967294,747
4294967294,746
4294967294,745
4294967294,744
4294967294,743
4294967294,742
4294967294,866
4294967294,741
4294967294,740
4294967294,739
4294967294,738
4294967294,737
4294967294,736
4294967294,735
4294967294,734
4294967294,733
4294967294,732
4294967294,731
4294967294,730
4294967294,729
4294967294,728
4294967294,727
4294967294,726
4294967294,725
4294967294,724
4294967294,723
4294967294,722
4294967294,721
4294967294,720
4294967294,719
4294967294,2357
4294967294,2360
4294967294,718
4294967294,717
4294967294,716
4294967294,715
4294967294,714
4294967294,713
4294967294,712
4294967294,711
4294967294,710
4294967294,709
4294967294,708
4294967294,707
4294967294,706
4294967294,705
4294967294,704
4294967294,703
4294967294,702
4294967294,701
4294967294,700
4294967294,699
4294967294,698
4294967294,697
4294967294,696
4294967294,695
4294967294,694
4294967294,693
4294967294,692
4294967294,691
4294967294,690
4294967294,689
4294967294,688
4294967294,687
4294967294,1583
4294967294,2366
4294967294,2355
4294967294,2367
4294967294,2363
4294967294,2362
4294967294,2361
4294967294,2305
4294967294,2307
4294967294,684
4294967294,681
4294967294,680
4294967294,679
4294967294,678
4294967294,677
4294967294,676
4294967294,675
4294967294,672
4294967294,671
4294967294,670
4294967294,669
4294967294,668
4294967294,667
4294967294,666
4294967294,665
4294967294,664
4294967294,663
4294967294,662
4294967294,661
4294967294,660
4294967294,659
4294967294,658
4294967294,657
4294967294,656
4294967294,772
4294967294,655
4294967294,508
4294967294,654
4294967294,506
4294967294,653
4294967294,652
4294967294,651
4294967294,650
4294967294,649
4294967294,648
4294967294,647
4294967294,646
4294967294,645
4294967294,644
4294967294,643
4294967294,642
4294967294,641
4294967294,640
4294967294,639
4294967294,638
4294967294,637
4294967294,636
4294967294,635
4294967294,634
4294967294,633
4294967294,632
4294967294,631
4294967294,630
4294967294,629
4294967294,628
4294967294,627
4294967294,626
4294967294,625
4294967294,624
4294967294,623
4294967294,622
4294967294,621
4294967294,620
4294967294,619
4294967294,618
4294967294,617
4294967294,616
4294967294,615
4294967294,614
4294967294,613
4294967294,612
4294967294,499
4294967294,611
4294967294,610
4294967294,609
4294967294,608
4294967294,607
4294967294,606
4294967294,605
4294967294,604
4294967294,603
4294967294,602
4294967294,601
4294967294,600
4294967294,599
4294967294,598
4294967294,597
4294967294,596
4294967294,595
4294967294,594
4294967294,593
4294967294,592
4294967294,591
4294967294,590
4294967294,589
4294967294,588
4294967294,587
4294967294,586
4294967294,585
4294967294,584
4294967294,583
4294967294,582
4294967294,581
4294967294,580
4294967294,579
4294967294,578
4294967294,577
4294967294,576
4294967294,575
4294967294,574
4294967294,573
4294967294,572
4294967294,571
4294967294,570
4294967294,569
4294967294,568
4294967294,496
4294967294,567
4294967294,566
4294967294,565
4294967294,564
4294967294,563
4294967294,562
4294967294,561
4294967294,560
4294967294,559
4294967294,557
4294967294,556
4294967294,555
4294967294,554
4294967294,553
4294967294,552
4294967294,551
4294967294,550
4294967294,549
4294967294,548
4294967294,546
4294967294,545
4294967294,544
4294967294,543
4294967294,542
4294967294,541
4294967294,490
4294967294,540
4294967294,539
4294967294,538
4294967294,537
4294967294,536
4294967294,535
4294967294,534
4294967294,533
4294967294,532
4294967294,531
4294967294,530
4294967294,529
4294967294,528
4294967294,510
4294967294,526
4294967294,525
4294967294,524
4294967294,523
4294967294,522
4294967294,521
4294967294,520
4294967294,519
4294967294,518
4294967294,517
4294967294,516
4294967294,515
4294967294,514
4294967294,513
4294967294,512
4294967294,485
4294967294,484
4294967294,483
4294967294,482
4294967294,481
4294967294,480
4294967294,479
4294967294,478
4294967294,475
4294967294,474
4294967294,473
4294967294,472
4294967294,471
4294967294,470
4294967294,469
4294967294,468
4294967294,467
4294967294,477
4294967294,466
4294967294,465
4294967294,464
4294967294,463
4294967294,505
4294967294,491
4294967294,476
4294967294,462
4294967294,486
4294967294,503
4294967294,461
4294967294,460
4294967294,458
4294967294,495
4294967294,457
4294967294,771
4294967294,456
4294967294,455
4294967294,454
4294967294,769
4294967294,453
4294967294,768
4294967294,487
4294967294,452
4294967294,686
4294967294,489
4294967294,507
4294967294,683
4294967294,498
4294967294,2306
4294967294,157
4294967294,1977
4294967294,51
4294967294,52
4294967294,179
4294967294,822
4294967294,1938
4294967294,2187
4294967279,365
4294967279,565
4294967294,1636
4294967294,1635
4294967294,2196
4294967294,2332
4294967294,2195
4294967294,2328
4294967294,2327
4294967294,363
4294967294,976
4294967294,2326
4294967294,2325
4294967294,2188
4294967294,2193
4294967294,158
4294967294,153
4294967294,2194
4294967294,137
4294967294,2324
4294967294,2323
4294967294,2322
4294967294,1928
4294967294,2192
4294967294,2190
4294967294,2321
4294967294,2320
4294967294,2316
4294967294,2319
4294967294,2313
4294967294,2191
4294967294,2318
4294967294,1930
4294967294,2317
4294967294,2189
4294967294,2314
4294967294,2178
4294967294,361
4294967294,1959
4294967294,1941
4294967294,778
4294967294,777
4294967294,812
4294967294,810
4294967294,808
4294967294,804
4294967294,798
4294967294,373
4294967294,1419
4294967294,372
4294967294,382
4294967294,1152
4294967294,973
4294967294,2342
4294967294,1421
4294967294,1422
4294967294,823
4294967294,1922
4294967294,1895
4294967294,809
4294967294,803
4294967294,1932
4294967294,1856
4294967294,1982
4294967294,1908
4294967294,1921
4294967294,1931
4294967294,1924
4294967294,283
4294967294,272
4294967294,267
4294967294,256
4294967294,1855
4294967294,1853
4294967294,1852
4294967294,1851
4294967294,1850
4294967294,1849
4294967294,1848
4294967294,1847
4294967294,1846
4294967294,1845
4294967294,1953
4294967294,2208
4294967294,190
4294967294,1844
4294967294,1854
4294967294,1843
4294967294,2336
4294967294,1936
4294967294,2333
4294967278,340
4294967278,329
4294967278,337
4294967278,328
4294967279,561
4294967278,418
4294967279,359
4294967279,347
4294967278,416
4294967279,543
4294967279,541
4294967279,540
4294967279,539
4294967279,341
4294967279,523
4294967278,373
